-1.611809565095832042e+01
-1.177429022910463630e+01
1.119881839423191039e+01
-6.569644507828628299e+00
-1.212911160439404590e+01
-1.278589114078311617e+01
-6.566582799593908781e+00
1.119881839429214665e+01
-1.214780373740619801e+01
-6.564523206812224565e+00
1.119881839435649162e+01
1.119881839431815962e+01
-1.180060753742201030e+01
-6.567009452362725597e+00
-6.564948981567465758e+00
1.119881839422780345e+01
-1.186960040890896018e+01
-6.563459562367504496e+00
-1.189858794578221257e+01
-1.133897215784678991e+01
-1.180060753742201030e+01
-1.128181374400684156e+01
1.119881839435101512e+01
1.119881839427298154e+01
-1.147370475181694793e+01
-6.566369541452310443e+00
-6.563105265479569184e+00
-1.262158808949183886e+01
-1.204055820705259983e+01
-1.256274758946890557e+01
-1.133060390817627372e+01
-1.207504438312376926e+01
-1.171137640369406618e+01
1.119881839437292115e+01
-6.559075128295883239e+00
-1.245453400482867323e+01
-1.328488230690210337e+01
-1.268410844647317326e+01
1.119881839433869430e+01
-6.570072469165504359e+00
-1.224689464005042971e+01
-1.240452358425401158e+01
-1.222627535284769351e+01
-1.133897215784678991e+01
-1.231143316118800080e+01
1.119881839424423120e+01
-1.302705319760000435e+01
-6.562538651424108416e+00
-1.155374745949048432e+01
-6.561052815230544510e+00
-3.239507775149077062e+00
-3.285825901015967609e+00
-3.499356033025077806e-01
-3.776810113727437024e+00
-2.053764368847845301e+00
-3.275504842175465114e+00
-6.953355526845418355e-01
-2.679684976405368069e+00
3.573644633621492761e-01
-5.608338966989641072e+00
-1.904618049010067482e+00
-1.813471948779241671e+00
-2.415101500691347436e+00
-3.313053556792624921e+00
-2.485549173038055226e+00
-4.827811082983182622e+00
-5.278064285178349913e+00
